804289389
846930886
681692783
714636921
957747799
424238335
719885386
649760498
596516649
189641427
25202368
350490033
783368690
102520065
44897775
967513932
365180546
540383432
304089172
303455742
35005211
521595368
294702567
726956435
336465782
861021530
278722862
233665123
145174079
468703135
101513935
801979808
315634028
635723058
369133075
125898173
59961399
89018468
628175011
656478048
131176235
653377379
859484421
914544925
608413784
756898537
734575204
973594330
149798315
38664382
129566419
184803526
412776091
424268986
911759962
749241873
137806862
42999170
982906996
135497281
511702305
84420937
937477090
827336333
572660336
159126511
805750846
632621735
100661319
433925863
141616130
84353895
939819582
1100557
998898820
548233373
610515434
585990370
374344049
760313750
477171093
356426808
945117276
889947184
780695794
709393584
491705403
918502657
752392754
474612405
53999944
264095066
411549682
843993374
943947739
984210018
855636226
749698592
469348100
956297545
36140801
463480570
40651446
975960384
317097467
892066607
376710103
927612902
330573323
603570492
687926658
660260756
959997301
485560280
402724286
593209441
194953871
894429689
364228444
947346625
221558440
270744729
63958037
633108123
114738109
7905783
469834487
822890675
610120715
791698927
631704567
498777856
255179503
524872353
327254586
572276971
269455306
703964689
352406219
600028630
160051528
40332883
112805732
120048835
378409503
515530019
713258276
573363374
409959714
77486727
373226346
631518155
200747796
289700723
117142624
168002245
150122846
439493451
990892921
760243561
231192385
622597494
111537764
338888228
147469853
438792350
911165199
269441500
142757046
116087764
869470130
155324914
8936987
982275862
275373749
387346491
350322227
841148365
960709865
760281942
771151432
186452557
244316443
971899228
476153281
213975407
139901480
626276127
653468858
130794407
239036035
884661243
605908241
350573799
76065818
605894434
789366149
987231017
875335934
784639535
103318788
597322410
939964449
112255775
432114619
67854544
352118606
782436846
909002910
165344818
395235134
532670688
351797375
492067917
504569923
680466996
706043324
496987743
159259470
359512189
480298490
398295505
96689778
86206737
601385644
172755596
544617511
243268139
12502960
272469792
27907681
968338082
722308542
820388470
933110197
6939507
740759355
285228810
789376354
502278611
450573628
37127834
34949305
654887343
529195752
392035568
335354346
87755422
889023311
494613816
447267611
369321807
745425661
396473730
308044884
346811311
569229326
705178736
590079450
434248626
977648528
470503471
402586714
552473416
143408288
188213258
559412924
884167643
473442068
201305624
238962600
776532036
238433458
273911905
431419385
620145550
665947474
619290071
707900973
407487131
113903893
7684930
776808939
711845894
404158660
937370163
58657211
973387987
642548905
501253002
260152959
472713779
824272813
662739674
25187202
967681101
850952932
437116466
704365090
176911346
638422090
943327690
953443382
876855548
69755942
237379113
349517445
588219756
856669185
57418424
995706887
823089418
65103354
625032172
387451659
469262015
562402342
298625210
295166348
57467593
799878212
555319307
382697713
476667372
70575327
260401255
296864819
774044599
697517721
1229916
950955945
335939817
797073946
756915673
65311711
719346228
846811127
414829156
307565990
555996658
324763920
155789224
231602422
389867275
780821396
619054081
711645630
195740084
917679292
6811984
253207678
570073850
414647631
635905391
46741228
337739299
896306646
343606048
111783904
446340713
197352304
915256190
782280530
846942590
524688209
700108581
566288825
371499342
114937744
726371155
927496000
292218004
882160379
11614769
682085279
662981782
630668850
246247255
858721866
548348148
105575579
964445884
118422005
520223211
452867621
17679573
857962510
201690613
213801961
822262754
648031326
411154265
737518950
282828202
110613202
114723506
982936784
676902027
486222848
950390868
255789528
266235195
242608878
137949914
277849964
777210498
653448036
908518814
23457759
364686248
309383309
129033339
329132139
280321654
501772890
781999760
150517567
212251746
983690374
364319529
34514506
484238046
775473794
624549797
767066249
886086996
739273303
750003039
415505369
78012497
552910253
671294898
344247692
795519131
661761152
474613996
425245975
315209194
235649157
448703735
679895442
545032466
430253414
861543921
677870460
932026304
496060028
828388027
144278056
332266748
192707562
31308902
816504794
820697697
655858699
583571049
559301039
395132008
186090434
974806409
473144506
739000687
498617653
669908538
387036165
12895151
144522541
812282140
328104345
380171698
113502221
860516127
777720504
543755635
722060055
455590970
328298285
70636429
136495343
472576341
402903177
329202906
503885244
219407977
2416949
12260289
655495367
561717988
407392298
841585801
389040743
733053144
433102835
887658396
402961688
672655340
900553547
400000569
337453826
81174238
780172267
450956048
941690366
410409117
847228023
516266767
866000087
175526315
586903196
2495437
500618996
989806373
184214683
4504246
61730696
186631632
16764536
717226063
748349620
276673174
411328211
137390370
9726324
696947386
877565106
265204352
369602732
630635000
665204922
707056558
564325578
297893535
10528952
358532290
708302653
857756976
874799057
426819086
885799631
314218599
281830863
386418633
156541318
318561886
243439220
70788355
505193518
112720096
788014418
106059485
241909610
51858975
95966195
104152274
748806361
826047641
369356626
970925433
309198987
887077888
530498338
873524566
37487770
541027290
232056862
745790423
251300612
959372260
25125855
137100249
126107205
159473059
376035223
282648524
478034945
471990783
353436879
983228464
584710879
993967637
941804289
826620489
45826619
37770490
930772763
647149320
716334471
152645735
470591100
25533465
39723630
1089444
899058031
77211400
394633074
983631233
675518163
645933687
943003499
553160358
635550276
69110711
712633417
864101839
204275575
190668369
336092628
410228794
26413179
773319847
404196437
968217468
452456682
302539396
858504298
235745791
802205057
427355115
388391527
272796163
452888580
280631497
126401947
204462957
210359237
521035021
40610537
738393740
19485054
983614036
291554104
655035331
905241087
4187528
371653516
962033002
47372237
707746145
372261802
73785416
333582338
628974580
894519224
786039021
931513976
605539868
21784818
586235379
32894989
262692685
859031542
338299910
543324182
985433489
395279207
606199759
358984857
435889744
344593505
378469911
272020127
488663950
33505248
29777560
345367818
257675105
991810563
392740055
965421250
216588711
319041811
151519934
845563291
66077381
937558955
629593614
524133589
959343774
215828999
409544918
74552805
927376882
747844828
617876988
765326717
143124042
76593093
124311580
431530126
421186599
502781492
703550253
909850549
388803080
733327814
107734713
646478185
725138383
500474768
464415781
941727094
672032919
615935716
639806732
738110300
406011017
269400352
114760235
217871137
337745691
524305153
292423943
265122579
124666328
910300931
30449303
120306710
986894024
7277223
551836836
260596969
362575055
255387096
22963864
751378136
988714910
130698577
250372667
566369639
483689685
567304789
360613079
155722610
35756851
419817
746349250
441767868
122336509
861109485
659639006
460082201
385414645
952062949
577721120
510080973
714880226
460686763
630387683
554290596
467963987
34740865
814887566
830539042
290127961
690367770
434433524
131359217
821066348
537322532
550245196
157272379
104627327
910858276
312994990
140384178
763794433
59344246
582152046
738647283
772970072
94307398
51245830
10901063
46370353
628966950
520982036
761250579
89653720
3886065
168057522
410134047
38626930
982945088
93189435
181271232
525829204
527622960
312630449
199411898
64945498
862875646
356684278
22089165
626250268
669679268
14989683
242561047
581539854
597141729
981208330
207026272
691449128
32454166
217927335
590335821
513937457
738909371
204102747
603591177
595311776
372160269
13725230
633938707
207621703
106914665
815209939
733450907
487053965
980356728
932862806
404515803
695748720
289547090
279121308
174515334
811742698
294110991
417076382
245798898
891252721
250801058
452825171
435218195
135771565
670752506
25554022
649709022
262178224
82173109
105816545
857490000
454333378
972058109
343945053
661955081
931489114
11671338
395405995
271059426
992028067
180785147
675575229
687776793
470332237
954696538
862292128
134591281
101323875
131884856
380390179
992576596
235202254
833215350
280311137
370973819
503967863
158381500
873199181
766146087
240554609
979015726
476152433
694887988
803590181
820097487
209359415
735079302
831768825
604765410
6138734
823796898
785550557
534230303
364090038
108399140
341443187
78898512
242990421
442767063
63299708
623380601
287860005
298501962
309112297
420687483
669475782
813080160
579068983
395191309
431742593
672139932
226723382
907895027
219544266
30313569
580508860
428903682
617909211
412277691
33669098
476564285
88590936
671735996
10794595
305197314
632651476
204754122
384095826
875641898
500037525
447395534
351538845
787897531
745897496
660651142
61101360
267889624
326247649
640170343
663080934
610506582
164826621
889804316
370917955
384370888
772634225
951426815
813274570
390543443
216220853
699460008
867107728
304811789
223712350
730418663
610009103
856363827
787689126
846621269
584522071
287726657
146533149
936060916
928140528
892430645
449228404
989241888
12836616
627992393
481928577
528433890
238498982
646755199
270754552
609416937
31126093
43388783
413360099
844400663
286448566
629580952
396377017
6072641
934392741
620089368
736491304
396918190
476453201
376696776
96055805
60975278
664423434
242588954
849552534
445080308
135019605
151297284
434322203
372561
779289678
916250780
528806451
870305000
415522325
799561003
332238283
446648418
695466127
745598382
143565427
981914693
375179340
539942445
987987334
162088427
12548159
576994985
411522957
489001360
953691761
507578762
402492978
470631541
750167716
104561858
915711850
737703662
108375482
202550399
738076223
887665160
118801185
119399021
610486506
386839851
771476364
942724790
833488269
466942497
688323178
829570037
301373537
916018859
222028828
289360877
78107292
234576987
866355862
342146590
723578347
672563970
849725352
978587665
143195517
599893075
83149529
58907373
190113083
44041351
113974112
928189306
931706512
85291638
900104667
394709364
472131489
671581038
337434160
158136104
991039875
878273679
987706141
292413418
794292544
209734975
434290636
724916176
444311962
153162844
67062772
20406655
825726814
769304465
998994320
968922332
221713886
934660189
880346045
411826969
978701541
994320158
192532621
762924399
79611802
92637295
10150109
404259631
616734673
347584270
562395735
607774554
78374295
550101883
752704313
872666839
612353198
186994955
450099361
56665167
340157799
369678474
929588156
18400960
138982945
781098823
987323292
213213171
568275358
720185683
625040140
399493245
567022187
817572761
14933990
499150329
910210056
25084100
903409960
379461075
372668370
318322042
987235630
451042665
868423925
592456289
176225850
333293469
779451244
478841551
242474976
972125383
848520025
172063139
990526343
840019310
953161962
830365981
53232487
373953666
403068011
530788967
773446912
970090198
348361735
788380902
321756874
111088137
813465002
77683180
490549213
38649718
396005222
330301189
489692383
116945493
922757478
518434573
450238963
554725068
997276125
692713939
379366797
698312496
717293418
369893147
390848153
522971726
52775474
296596980
896925393
455843485
827385948
670372311
278450030
28264029
311269559
600206904
139352166
124734568
530406424
482417719
163384286
926411647
812718908
505593010
895873480
587992732
24027589
198628789
995234140
21303720
891342729
374600944
572132557
461152493
597010431
962980710
984124220
649785905
259577696
881049619
105629397
86963650
403938276
384079427
115227679
715207835
836802671
107096186
692458743
367209101
589513905
855843030
146137094
254749160
213952386
42010581
695258232
237979975
93155710
690492379
111800036
984498439
917609663
683932593
298167279
514620100
499429649
282291505
16922351
759007345
15857470
122551748
698487336
272312086
359147515
666231355
987519921
195950192
625843881
532495011
415675634
67874133
240854387
561812728
322623293
454806773
456339649
17881531
692786748
549495360
560890250
657103124
386510145
331016259
193552063
684677424
845636359
692981712
819485269
862558711
304505404
835342739
837626799
2992746
107654831
196774321
521740441
947691093
245240853
100669
332702450
660916487
67974802
573556837
75245562
390598095
28363616
531585211
260995966
573666704
933596911
674402557
230769835
172623403
5418822
424321898
857300827
703571522
117303617
529302443
418646579
274325361
217161528
256273384
129834447
177332700
305564045
651574888
125023799
550804899
651675557
310242589
211721392
719650359
883799426
286966954
962764794
912163042
671068506
76277107
338346092
604665423
750679664
569115927
777288826
756098486
845954166
487106000
312186354
815774123
16408449
730832933
90099490
86086317
987106318
219933937
263419017
145186709
724025165
240959156
695991608
228217069
551201745
907713001
947867428
435001177
47196301
763148569
199680565
718264807
839425676
538026658
175446577
590105346
959658925
805251743
198720178
805613097
144874089
510906533
473903566
13798878
94255812
564003056
99885196
81362136
636453333
363304213
79065186
360478505
604263370
775056794
588695574
155465121
535286141
389079348
442982639
582482443
4744263
642663204
153263596
844169939
33206208
181226513
286791631
992865134
986478257
485511810
650994577
131352352
848934683
124898150
145151231
943190495
541417546
245036427
877068972
30387226
608340640
956134158
390865731
65120356
731190958
832077645
220585478
118993446
73673339
663568117
701475889
78417603
158747667
707255825
922587542
44470216
888482339
209379180
37335356
874960602
547407330
540846273
858829294
396342019
518260763
3980531
192048860
912194650
101533298
69117838
942581876
562390279
25252002
185963953
627510635
608959301
18041604
848096113
727952747
91714943
364180576
281944982
170132546
375444584
989200807
92720095
419914800
730199492
154615615
309766496
457676440
702022945
850612769
316505741
950881304
221389879
173002612
142930170
133584535
127052251
64564349
928682751
689442530
89816351
114646710
316953171
551291992
132688314
17565631
131761085
76919597
234262547
266222407
99568484
609707131
107939561
44804919
29621937
838139053
199420534
339388433
295815500
753959819
42517549
464837581
704841129
116423768
637840193
700287639
102524643
764892444
764851988
31207400
306851320
707184680
145854110
623804492
110993018
131058764
493886463
242754104
60494701
728149010
508976511
160063185
337856148
616916072
204868104
219994425
307571472
256804978
559382859
603386972
10764803
454416748
68224559
568122272
570840516
558581092
268409918
673365159
175989883
33261912
704572559
482841203
592962932
702943009
959162035
703955951
686518113
453048504
946710055
599529154
33713861
308202912
759592340
371570009
777635325
816976784
591564434
85206803
73781769
3463639
541110115
84546572
457880387
461851014
505185185
28720909
20432112
773595103
554602408
48938335
659373355
111691313
384295879
104852634
814634322
343457920
808808585
353668781
649022765
608034986
953197936
682736626
916237898
565306622
54306641
546389569
234799752
498387415
631596372
308581521
354367395
25222833
245644434
812247782
487073847
750829619
693485032
360022300
376941068
100603786
408960635
888830763
212295100
793256514
993683397
26929428
989230775
802491988
233114550
638253546
263043320
38828832
173506518
31797565
456651794
80329499
578187134
691451546
578716914
62299853
33074
933084309
87522686
98193848
597848438
574596534
701539807
143849816
934618834
78480881
244453602
196095815
819827984
456748702
989352330
813511388
336194471
831099451
468519722
421825361
321869343
731563043
460654193
495375861
763360608
917305987
575705360
194064088
461273879
6938620
256363941
313823293
940022930
343886628
412017141
390387714
918483162
113556954
386753870
853102002
44554175
631207472
49197823
716898500
940472515
891066493
382926234
129183332
574682290
851445956
551008693
896551633
435525345
11662892
391927500
51402299
781485219
967632860
245466388
95275444
974571481
501830329
409098738
767110757
845716957
821115879
10014817
616716465
787189174
396768687
322334813
684259689
880492499
224048977
253674535
820965020
115115476
636600769
950148352
542314107
340563072
353673391
438865746
776088417
217852623
683309587
680007057
999337842
503458793
925473445
94613293
330546620
279820120
356228371
97657383
978053418
29860596
960188534
594769889
817049770
209473567
917104703
353825806
89966073
141153686
607500341
763447433
108785502
96617457
566112132
503615949
437180529
919785523
942481696
65785292
137638153
478307629
745792349
989492335
981766422
523782140
936621968
312313049
803602261
292850345
262486772
634172025
322710942
75191653
81458260
992277052
284665220
998562963
198619204
374631293
992232989
806119546
138078733
953534832
902737003
556707205
309667127
192433878
476492734
104665169
258219170
466647227
582972798
4011526
456139569
564739227
527793666
245277883
729568616
183912273
538128229
992055388
818084298
713355511
67247047
899542559
705632569
204428608
750621868
904251774
579059901
595371204
562887666
569654974
401422382
318141015
126362185
711089509
510574893
455371260
815754679
768794063
922018487
251243823
625321929
230674402
815983050
5631942
475952286
398068012
189544215
866596855
242639747
860144854
579952372
162403134
612203759
138101287
366831742
215341973
894869401
945891644
810713177
310273413
368062964
64651905
628414428
346941490
628257755
991505661
654829090
296528780
612816071
429363923
547772603
238138006
660038326
216272000
243769948
988506952
614340012
285830504
855103813
856979759
145975364
287572531
19382900
758179123
278190158
386214642
973521096
173059566
184622632
636750620
483332979
405201937
553918865
964263748
752143427
182176626
955769415
259488863
478705406
421101832
688852786
26478016
659239839
201407458
95266356
755526127
189914416
709606368
41356637
897534569
566586134
39848341
37623446
438485374
798027464
315813605
824700016
624064907
488873171
861838989
113331873
824722490
267040932
667250738
788986244
871700699
701943705
597272006
131189568
33165457
18373844
820042354
59643473
530130023
21449819
7426169
138172497
63880575
717032538
179529134
961415145
136135018
219377476
999038591
574620392
869921280
167368542
251836754
346502533
656241713
113675749
459834406
333480550
233233021
979601485
122466800
104933726
681545196
572255146
88639634
714710653
443145331
908681989
626870467
825791694
782648148
634296636
963964191
699045063
203845520
143493332
512976554
339980538
215387148
364531492
914600930
85308434
531900034
166437691
284327308
40658094
132629780
744161714
374138644
365862802
576279545
349121784
470796528
110341087
921376931
559436163
825051741
217038608
320634498
304438554
42830308
955798986
791251530
859310840
654844055
995097051
855320512
20336956
335077595
70707666
384868448
102194872
8532440
916768482
268632563
145376088
957426576
401262343
889537803
331565226
767125145
318333694
680687011
90438020
428674782
454580288
502390523
106242869
524135236
823025021
410681423
419481884
631340353
54449299
278792730
138700754
49546356
134113248
159037710
237140292
57337254
543906158
339335164
918386029
460674647
607967727
63762123
270617569
861746410
805816266
602182796
481387902
124149967
135386153
571825922
405341089
442482781
74216451
511583958
966618017
749757812
922265381
386099907
233614511
976714680
517408978
372315265
878777377
504038566
531352976
115917675
413892161
75259140
455252839
184794536
388450127
915736906
101072999
659067697
777483322
906889266
113766839
111387570
883555573
249152992
683213492
141413008
691635773
609946283
652996966
510770136
212220441
427778693
896870043
445834952
257009719
266795367
818150218
135787102
770833934
202019540
104221117
184726101
277278680
559473956
369520637
665728808
327727208
470593636
177312851
105210537
229999248
291079690
69114447
966071161
540232682
752327940
107484175
84384801
214790569
760481141
595154937
279527351
40776180
344541326
725362303
297785900
611336694
396028867
433573002
234686974
598048407
537794120
419413075
727843428
949784416
641450052
246088582
277511631
112043694
423401433
235238508
194559283
714481123
304352955
13146790
107230151
909197235
120630966
191614952
123987811
733628447
639286229
256031502
774404628
983827555
981393805
72190534
447680595
229939019
358279876
682367569
680503766
896073996
954296984
408347200
698374759
595747042
654435782
975886390
560307077
77837221
63641244
607382700
644834684
220510539
620529490
752064835
129707781
741160456
943679787
106211932
327305250
435482362
362243434
101709884
271826264
196153585
26416758
719506859
278608944
384696634
254390775
959112711
133286977
61204105
219976257
831661736
656951148
874412040
660064472
69774571
804765601
723705716
677157271
302116632
944216255
150203107
54181473
926440376
891363564
850377601
32652314
71185160
285859969
247412088
172895044
557686233
296082014
199311802
129709439
574690958
584008436
236616554
533803675
717295413
297820659
753779933
401473495
954771807
480708319
61537973
877062718
137990266
637760029
406736335
440106898
434492631
556939443
346804712
360933013
300819353
197182319
246101668
372004513
335558628
346030096
544899557
893244862
642112110
596727699
875470641
216803075
33252481
112087201
603123090
750547895
409907860
209419369
4537736
217196014
690127688
66075710
94258738
680634295
703835739
353511414
120741199
138328376
910450857
320062251
351777730
211270216
517244570
450395738
583274729
852803199
796425834
980690626
598564407
438537951
577418331
326551394
507857366
610670812
438638595
110980462
213735053
701062795
320399832
218272790
918258809
863043860
136864840
865033888
543678161
840700579
71061648
516935701
831545296
981512505
836997952
35839372
45299067
206758869
486235110
628573796
912078408
135177290
461780768
363159161
573715241
39199105
689710555
81572613
502386257
128349156
45069416
568637651
681928291
217985588
786910441
452703447
81029454
923775281
170253681
477223956
616992206
241315329
994159657
301053848
222827840
683673955
189409560
268126907
742949164
675644670
749217043
655027578
810821961
210997817
18186745
237053548
102713262
560413640
171142502
457615859
541279136
68728258
26253516
223207434
286713846
665680297
675910881
367743300
441971924
846164562
844967256
58964137
87479897
691643259
212534325
162824077
227833561
401943886
283467324
970782725
930104896
32684373
478326650
593443203
96198530
349029735
830496752
198911792
909443376
854155594
656527651
303238858
922883852
535297508
526446292
209597704
200977811
54873519
429857344
642949736
753554421
127340947
554430213
693550658
818984206
619480878
856374735
899334107
21424770
139842065
722633179
804046007
25042778
53476175
397489216
121241308
402505910
80502314
172669440
164465632
934657908
829197092
467704491
710058106
217010946
846667123
919655810
417988757
901540643
202029501
913454833
507611410
329370448
320401392
201162075
871000
939882271
910053150
900205108
813823381
902411556
622838293
617869394
927454334
676314468
867874951
901211983
931336718
948377265
73881429
95802357
735551520
755594861
416023188
298125972
972605807
115206657
70298129
243110911
16747306
272327630
156565750
376875057
601698078
476967143
578037132
602569078
269365760
340606628
502774192
83189147
243018190
978128825
553574882
22988871
506959639
421449839
924200854
438296364
222343450
850598623
386615061
810411310
606193491
655154589
108537289
431315644
770361246
178835418
674426555
639624893
451163048
830992306
16499956
52861132
160475795
447053428
507946550
429841555
787660056
10720749
365547042
30678253
841365914
919121924
906183458
348325560
193088109
682900658
639138264
415431560
533499287
25753331
78359216
992209118
533424260
186896505
423524769
303785512
218248263
97951330
943410405
669411311
781459976
812426701
574788783
794452111
259480135
82735340
76810012
47140198
945972423
442357055
930334785
639854683
361478985
689034589
988180243
554567095
371935253
479834853
822514995
757950880
358104524
900874211
750160005
891528784
87770723
26201120
47830643
158535326
976668784
991241048
827946638
610645107
656184096
255251767
405097224
915664231
190503447
481907237
815320769
988992210
924264292
598171900
628846900
138259623
139722835
469543489
545343058
511658088
949378343
367858059
122125315
159999213
121248617
872285320
51528004
61535680
751002780
99358647
220071006
727671570
943116035
48017650
190833023
599300137
155785758
595930248
367480715
198805545
930353825
35317830
187797762
707134463
486006071
669161002
845394086
625728906
138704497
243253491
137387001
940599180
611111550
112028656
100598400
732360167
984313976
4642744
793895847
587833102
104001391
13966860
168021018
899633766
914500844
358854042
351450250
922802942
954784290
718930965
121608494
737654461
606765135
161922596
444788930
92771212
831083598
142699362
718500119
822304435
385952853
708403460
615419962
849580744
820432116
568534702
434457257
657262438
573177446
80869451
97611886
529695177
94836311
265632904
281845289
861853495
624486946
633295539
637172784
431787582
204742850
758781278
169442049
811507986
920703874
466747319
904279198
604303818
609446682
475295663
426608259
847915875
36215469
42028227
697496625
709163925
463079269
131953889
218942709
36256721
65339680
316554595
418468238
12692331
582187500
700313528
874545826
206674452
186125413
364234956
638462035
390868264
123016240
660420424
202376256
896236454
127167750
959171794
353056618
589130772
286983804
779664878
437046653
323199273
674209445
987059619
32363205
137288721
971529848
103822254
26061782
36869534
420376850
297046361
49561865
2564356
849876229
776624031
61755148
36001648
140858994
700217183
426869912
116391574
213153954
481762508
865144369
340321704
440934309
218200993
929452476
727918113
850382211
219015475
903633726
377108003
58591440
788513271
366913064
30121294
892335526
245491186
66990828
312712382
542537547
969069027
167793078
244930122
745693065
229548226
280931771
739068399
929765410
560318023
855459973
142919370
42080538
573120688
335757414
335531187
791321682
117726236
63449306
494220239
189258051
819599372
871328242
247849492
608112650
238241312
277970786
352964522
483732499
197477955
665676904
878786386
19063328
833469982
123716515
764756393
63018214
257164626
356341138
845299964
817482649
64317458
840735674
859563187
637438146
29009434
47610720
281276174
146735670
111060026
775496414
188510062
783175739
646824662
436359554
243804735
737582315
714330340
596769257
73831160
764324635
114962507
952617546
783387964
948432489
76334067
400660703
863967043
186015033
757001842
561783354
3497689
821319300
255035374
715577216
458757452
136561149
763187937
740033627
135813159
726764303
368046387
324323221
509940048
14871055
760682775
753744783
604969710
327529462
203030386
678800870
91854103
317992893
631418423
875242067
118941728
560268830
128419117
982908772
746283864
885420959
397208472
602297893
706740265
504760186
317875115
18014063
641321335
81063058
610564030
777134495
660343702
978610417
101457722
22800096
845997813
862140498
776544880
450967529
42186306
979575266
129768406
134040409
150084506
613703169
861798817
269026234
26488345
990217934
104451352
625288549
875638899
501659824
227586448
434895510
6420017
397977904
305425913
500257692
331557302
915989944
277392193
991901004
894600367
231366256
14701107
593114526
93506760
643762327
44082062
135693066
475853939
26366808
122249815
625938445
492586317
984048632
894964680
371591002
826782912
999416032
996879552
554938157
353592203
76982346
989833667
212528560
474960250
147775927
712786252
806517553
63765877
990178446
798418563
810882584
74061048
665636010
403997117
20084148
309398343
300595519
8293554
785252283
179478667
130543369
263707074
524581324
967108342
158671760
896172326
793891260
10604139
893051884
201345764
364196342
970034231
43695777
576724902
297510827
191471704
289511160
104028386
255237581
132205952
754963290
66120172
206267000
420599306
322633629
226351148
582513990
475745488
234644702
220282619
655224155
217704412
483989693
32321825
184812760
642661454
928494151
831220360
653265593
674062382
32566130
17461941
496612959
76261908
446703183
794123786
267733612
736214343
898152173
375487534
720936636
505631809
294124046
927203636
926231115
616757675
6071131
361261451
92503169
93232173
581544070
600243664
310936585
65533770
632565489
495749345
560711564
413575986
179486052
66493503
87638374
212052182
83955444
584251333
140830430
383174967
230891466
408564043
119389316
129043645
784051577
692842292
487191794
78175629
472562275
265939255
547449644
478633406
627200707
492469153
571865579
208744783
945229157
882802165
126794893
430310992
231067856
687506457
843886978
410553908
753999960
931525353
475122431
690471744
368293032
615952861
73646717
599184498
24516910
45552374
580744483
661084827
738394666
67936283
591776796
63473287
186391879
991742780
542106693
813592586
336728279
966488613
22337375
281957442
701807124
1648609
712268434
932874980
689155066
408671759
195945235
443155033
192713458
671067666
133626783
561006490
139536873
59789841
12707335
16570124
105342215
445968158
677654951
696253221
366420782
121948094
759726509
552812661
113690880
154349548
366405253
302935500
120838167
241258968
584892942
675161631
242907577
149677723
460552958
932062644
558349482
656498193
227734023
751062940
180082205
213877146
164585776
319619078
126183327
29809451
336189202
84041882
475777610
866360494
780295104
842198392
988308588
392537959
395011059
954515808
399403847
613932652
109967654
372758355
855191620
694860597
47919992
950615538
697054660
508472950
735194528
107920488
17487489
962928551
858983428
50086034
29322043
876085544
369705113
155505371
905894996
558410655
239547253
381672612
424771155
872358697
76387350
265596089
117413002
471398409
72628244
516816850
85331067
182595898
889575205
793039027
729972835
937495197
596170911
427027501
298484494
331365445
534947989
168488323
146810342
246447763
218574358
28648726
122533314
588279471
184154097
880944650
146690132
276217690
115133608
423977628
148576394
191520958
542090057
265989396
662919367
614718301
782806246
600766774
649830540
524897797
246322147
379803381
314909341
842493059
659347223
613393835
26374850
46811558
781882158
25701533
293259322
456522
54350259
268308976
441252333
238504356
1769972
440458806
514722046
116903580
716952774
515814780
308424538
259042837
781804177
971343905
726277479
417126769
424627025
376108025
942024567
523465512
608427746
109450254
218474917
267774975
722844089
244849768
314586534
357242593
270551301
460362196
210215456
324901560
728671172
503984129
415922256
730441144
944442935
930644302
847344724
513912055
298975429
8285608
772954893
80779612
979629513
351748718
350422721
256772884
727856743
144963634
780238396
188800835
254413888
998713314
456575811
829774317
96079428
623678685
39533257
219147069
84040887
249748713
544048629
665228399
753732842
959970885
248185889
550692124
743131533
95530619
64604185
42106968
103816227
690075418
975402914
935962080
41824142
178341982
45251310
622197225
175821956
678006046
810998061
430235845
529235706
120090218
112526508
625315134
743768903
152059765
844462203
680326130
401808478
241027178
345554535
8057667
53514409
593740424
411266131
649162283
541787383
328386656
543785591
498119950
18462081
371704852
286598376
912802557
550046834
184366026
387516129
725868790
862372072
51030536
8620981
391607785
23637094
121147490
869439259
767405997
273207255
566417809
300248473
527532074
807444987
645803008
535589741
713475737
92059778
946855872
362638026
486363501
127758874
906423617
984483451
146220955
130644815
123598173
911539853
680691649
307964199
151572328
259076786
22852617
55119204
120214107
414460402
78756298
241361597
136416008
846162295
367085193
702833817
146410774
894617267
362795150
644730122
282723354
76270893
589306240
82095572
291425259
75669747
209854446
50365223
912669538
208591742
181010038
36267717
120131601
861701688
196748256
124220269
973294814
219600873
179339473
93508927
486577616
258095771
187386865
622993624
956774406
554472058
325827447
955701520
449089331
688622597
452947988
731812685
617409831
42254234
813908257
908835090
117923981
23762709
959200313
883109859
84870791
140210358
771893916
57518732
854428386
968642172
181739001
827723206
40759391
213594814
773748473
527337007
471690585
961135338
2846977
280981337
515607402
328674424
236682863
817213073
869813362
689630851
401542104
487223199
584401425
67966707
248574635
554841746
91729417
207774955
437951611
29116548
200501653
62361873
86635281
54930045
31004051
268374282
735169591
924279777
481969097
508918070
304133130
806176022
322569755
306980108
87157366
838177157
635654532
176356569
507906577
357984240
865987421
909448681
845207439
302905192
977415389
93782081
857746939
921661146
154073376
148214896
950777694
354575029
210576770
37412981
262021414
94097161
158303604
997191005
18376944
640272701
358625421
322510075
298965069
681195176
629490183
386122435
371888680
117661061
562479005
879795257
475645302
280982772
789243944
173369087
583887964
619175679
119667508
294151249
540836831
126257224
442366146
344130872
480832253
652942916
381543853
742853667
747040077
539847457
592561018
765417022
32636504
951186440
940443437
331601574
632381622
422449966
570240349
4270308
540111027
132719360
736581905
868272669
266218472
378342196
41641763
702622777
997517875
13825611
996774026
390871053
140082836
439140178
735001925
473431429
92083100
116545784
68801443
691639518
508909582
661362461
309572886
394062426
612548907
250016329
725664000
97446876
672466295
148420696
954233518
65093668
133656396
690815430
933366338
399874869
69157632
827524441
102497652
919191847
693866392
951788018
310062906
833949228
243444543
45064837
159897004
188043983
14126962
228698447
879683501
375552884
890060908
189256393
769615310
355126162
291789062
347795657
452573038
964255357
496216353
259322902
881865366
629872749
950138332
667748050
882263958
871812304
347788837
837277950
643520498
41655235
789065975
953583404
728120804
32510524
851164582
888017808
73070847
717807884
116716261
952754349
945877108
6777175
142010748
568008764
214419677
286316151
915804421
666992715
103087854
264537120
926315618
984953220
746926210
728970296
652701276
629190174
453298947
490119
318984471
96819451
894661689
108050452
902919195
622782499
993077310
606600123
363316653
66148163
176924353
480032914
871418852
122801467
339326429
865945941
543326572
553746107
152262098
311647339
73255168
255349952
576184460
852087126
92819519
175627016
433573769
745520795
804817190
886872716
598527255
123801667
836208507
345705290
84368459
591644048
968487789
929962109
50760518
184320788
848626613
80201211
664353702
572561811
55519019
856196471
438507758
598845591
262458924
443286196
910492930
335714093
698636149
339193736
40317565
791455668
514820752
473891334
389492809
172154289
213280396
840536404
148472296
49488909
186241700
85357096
493649298
7245835
15319211
396926156
191566623
716462164
477127367
708436665
141540322
532646386
564633143
580048080
131491983
827092067
23334283
41984920
15322506
574486772
233694996
55640072
218458786
748515749
529531406
460467935
920670038
742811803
301004346
69142340
644817052
339762386
154499436
990982690
347008222
22334988
387908852
391091185
591313492
865036220
99527857
732853814
250198952
516677340
165418241
381690936
196285753
41268864
276192196
211608260
615755636
509887192
119764672
686730762
110919287
649296078
147198703
31589331
244624227
300719389
100731672
741957620
640481776
107747448
732940316
987489998
130082436
973365509
231097529
573912269
690918075
330625386
306766089
941117027
847302726
472184330
175324309
43588486
513453194
451516505
107713086
981725170
813920038
227477758
668455938
924839325
729290176
668170982
956428657
973914404
968890371
909676669
568388370
609372153
869940457
153845032
449378497
852539234
127210547
680476027
426451509
818128622
863617753
585733938
611761996
563436826
57918275
787086305
459541652
423887809
91119157
567254738
258129326
905039195
647248836
926585264
829878526
376539018
447272592
638823529
202969768
416162970
401016544
771358138
878051463
123473348
925203171
179946307
976012582
904930058
860422334
254980437
575575027
576556433
840714375
187337029
139993265
751148990
974423334
599534917
27553146
65542497
19306001
285682472
823098032
666554837
64784082
505492905
895610196
512056675
144316440
98579970
928219645
397849325
722454449
658787454
521322673
500173966
838733761
349851601
257620370
551672441
604832038
833195397
128228881
445546419
20532432
120738486
49211756
847472107
720273404
76764902
765530944
592095745
362447374
441145323
111166929
427231456
946638228
6777131
939288131
943471008
957873435
720024122
193836679
532844230
378811583
715159352
33018202
70061690
65010959
143154913
621734132
522359337
976350310
749963013
967905757
849399083
870701499
17117519
549387536
443491249
93882421
167434826
35587001
308846135
608580149
146753930
736077591
555218383
6047401
675365729
351205738
963920836
247906197
545042417
349281413
626717780
112718116
234815955
696779471
30245415
377970868
171029949
552604753
354321185
920992962
373026856
56236614
644210807
242660715
605624150
940218397
189059476
773058976
828321738
497905611
381639132
827592008
233983208
789373855
833639409
761865277
140579599
650076591
9771481
685622017
999358004
489005601
798340133
86690306
38301418
828585548
464661174
209331367
233706647
818982359
130324335
606733503
875218973
627051483
849394218
333359469
419786226
38453700
106418452
248107970
536359311
340573924
75699984
622858860
129947785
761855733
384724143
123043725
264448670
247011964
808665742
116323021
736017566
459522221
203013327
774318984
140624115
667674501
983650352
374330763
339173207
966491027
981064266
66908526
446058856
682974831
400267996
865845082
721428531
359202788
113953058
110304189
699776712
42169382
733163049
829724497
656541455
970403532
952768222
773506466
217415503
613950310
889829487
953433069
925988871
945359154
580268399
66612993
465550001
563918757
293460096
804723208
382926131
127040708
724148075
828984987
810015539
124416077
694830076
383960417
336135205
661299474
346780946
35911923
555985197
79944001
718152760
65042998
902863873
523437329
838549464
120279382
137387645
580895297
926228791
915892857
378770797
359013537
835022190
844320799
922932294
128482292
501560353
158374771
108039340
225708434
987359759
770571220
202640851
534706181
7047983
538776056
48522001
353828929
427204319
604507198
286289270
145357086
522066537
189153149
668794415
213132347
161948872
658698400
794027645
940694003
427107603
25314788
299707546
262129799
869635587
75156187
243128431
371195947
233530958
203684112
449420721
73407063
974255332
652061573
608113244
981303315
43353975
656635246
335132250
470558295
113658790
621421520
468431721
635725327
663091009
137226142
848857675
825039881
648440882
495401666
618250231
75548492
520716454
917957777
190194631
390352048
845630304
999999993
614064335
79161269
489523515
63485062
5084672
463778853
568062975
613197917
297598514
611416951
269833169
632730764
934491586
383491959
106668630
402923313
19217293
769759639
392665795
720591308
447315867
893623017
215992980
65566104
821687849
736709434
836040221
11882487
979577822
534186872
150238230
593642163
465864481
639761745
509643566
470949153
103540604
77706547
84147076
253655458
541639838
206496585
886386222
476131430
589988545
845571192
731571083
461722178
467847177
124236884
34829832
915163044
870376242
250822812
833245488
692064097
840048586
521802056
556462924
819626415
55988934
706701154
265784924
374369755
198979245
775428490
845318908
155036189
705651378
929465985
408691647
247291222
135962576
147594215
575938993
578467461
993165407
307510082
892705979
461012591
284263307
927535811
228691981
7155895
30874969
914453810
699219992
870923556
288772212
108199263
543066317
197277486
667416757
808851241
571647241
866396003
436796078
416966155
21432198
142447462
198948486
430123846
242255024
187427403
577718061
818194017
618411204
423399815
978220440
511117190
884412406
115000093
291169347
965620727
122155988
322044317
880074543
821375980
192967879
21363101
782091583
736034196
218640587
449508347
397401783
790287828
168420696
686714201
59770330
189852894
681678003
258718816
472493080
923933028
298662559
50211148
594643391
917073764
326127303
425380177
280707300
63056055
540380270
571876647
28676788
662536258
893920964
761267672
336428585
86888849
782630773
118520174
675439385
1271367
420544861
925357509
791559195
588965557
612071716
851329525
778818452
146266066
962564682
103827878
70199100
261227247
6555366
517358831
30817357
332682669
942739009
311524657
395738724
335635625
883401305
424415513
998171884
777322275
38199531
334600475
716727465
820830304
305636989
244683196
822101671
726181851
22557051
466177213
315147414
634628768
170023084
946482206
780894834
132587772
50310091
703610274
246331360
56865457
73485451
277148717
389548127
868740800
588673375
785286851
204376432
324591026
62218710
55064662
101913307
100418241
389665137
671157112
921248546
695302126
768356649
595866563
274000323
790913700
914560116
589147738
278058814
84583207
388146290
58953654
69687319
438456381
615080268
168535019
347838179
541082060
298200077
737386306
409822866
886873452
375189503
466715638
63980824
289924554
521780300
18410471
390342795
911445437
689567584
164107687
459263910
310440579
612490591
733264233
101354285
527050713
174928317
379413100
464150260
563074608
290883094
386353920
854047329
758479703
407405279
201885514
299561769
705605356
791788160
561900975
444995154
19494010
28616620
508975978
309418564
550396920
527386450
699761359
314358704
69470380
716385387
626138954
379910959
328875984
211919533
481265244
708443037
386847851
713194684
25109644
802438799
4077785
411463564
656486134
615073828
818868843
710887989
914635597
376990546
502676155
329052918
821985700
522170165
357669538
330961685
831588729
760582799
858348135
383866435
74941509
927818515
100251828
553596803
160245820
281644152
765516336
641511064
990087189
4880533
207222095
15196839
807319332
63816220
279176743
316321813
678890048
950561927
27209808
446041991
327552479
382402303
775094909
2054525
904572469
132764454
333016210
588677544
745863593
43880691
825060319
673321442
824215546
777828487
226918251
984461366
59472645
992434587
478488777
902076175
997315121
685710872
769789354
657150799
749527092
901482438
973472612
428417146
852044371
682426
874459137
32113196
235601070
502070392
34167721
140173545
487351186
219700272
581367429
233214785
263580963
258944095
906536227
87796516
36772588
985970818
924774222
948761568
830921752
403263005
703354089
680753219
88973883
325659789
337904024
691017315
227142233
163892983
119434467
931702944
17091749
846409944
963816140
252692819
200996683
850500202
245382704
688347869
70200480
826750134
921562655
186297783
85694235
680615228
126610639
974983157
519102393
51384868
923744731
350024151
307164213
479615166
30777376
248654437
805274956
221197740
939671752
32417195
385090723
911622560
816636480
402182473
610548850
632968966
654875292
811545533
483469174
900257997
499893409
406185994
579524477
273972410
592483778
517735052
807103978
719094417
345234555
326206377
770479285
121495633
528746868
77643505
601110799
412040584
178814282
406385761
633238325
118486040
291319297
870845388
30108606
107955783
125544207
493173797
593441089
780419500
304719336
76910270
533193843
657129085
335612604
965234660
931101495
928096382
335486058
590721820
647190806
680720613
916928197
270186437
802216246
298191412
200346282
403327052
710231996
379160564
662229153
195986667
350162945
953548450
66832062
232787891
914020573
192376269
725961688
359978009
825312109
30681031
289404619
211022298
540326456
625017223
176256964
323944298
553113612
511743022
914666118
52820764
44979982
684110661
175523541
847196228
982302073
375869824
103039626
692534076
607546728
765268780
888520743
957709673
571333576
807869145
190497571
337870496
245421
916459259
697848505
678073870
799656630
987253124
889096169
192499433
612270353
65353139
516443731
17900311
429612502
431109855
70721075
474592484
115220522
98760957
174305058
950038936
474630781
277344685
495089358
82177515
42613471
236126447
892403529
613947047
43995599
82901106
951817543
896757354
851876705
502182394
574831230
504049682
489435524
316443745
696549115
954222218
234313225
65509192
972122529
663925727
496619047
895359945
991034551
464355909
994120902
165339615
266911191
321268029
442684300
762000549
255961884
337814111
998126997
881759
951761159
42122602
83782865
756095048
791396296
788175911
110793789
218743872
144741939
600229313
535187618
693807394
406967877
769500843
759316586
231606753
285942916
108451979
126966704
276977473
572807888
973603946
294833428
839719080
147388321
737517729
454235975
255866545
75331846
452362978
256748305
879609345
347001920
193047510
488220740
138398222
981223421
599014529
209658435
978481700
51760188
744846053
672289100
458728066
514346902
284122032
690334819
800289818
392574011
669817863
929783631
965381900
495938155
224617065
657617326
495842816
814651134
111853307
751709361
742499321
416732626
8457672
474625012
616250886
201505183
962845752
607165449
35244950
414376627
816823884
13726657
318653156
561669943
538532097
777381222
928533185
822654130
320232387
581339349
67744487
842566590
511122986
33126393
191021091
588256391
543260059
686863907
402907532
507629707
438573274
145406859
776878673
299547287
472548211
393129565
501052470
287910310
295020
388813760
702286937
669635244
255056757
20940099
83821533
793588855
650837661
12354724
468759331
823586388
593694073
536503818
666152984
957333399
422146552
857174075
545589797
817922951
396554328
801013669
178069004
835127603
798936868
954947677
134674896
271485085
200593589
488243706
559395395
53404949
877057466
114198679
723040194
132114230
987655112
806861727
778219425
491009120
819216452
99495102
314595514
265426871
488515260
833264839
75276617
910661812
542955260
620866414
581101110
939509589
274396429
759170114
627153538
73333303
714117798
614344774
197334728
914711387
102588486
756730124
968116336
832162292
723445143
543672876
816792862
711100261
350534610
447528633
54625727
22267408
399540075
369221242
140210619
888055336
55002427
215487236
651233494
597957687
836353650
232334610
537467282
110750085
991504725
17137166
36599728
558138869
631481940
233934457
325366602
586586766
843180921
145999284
271265405
566626070
689672161
88058273
130242677
892723111
388103247
184868405
914990519
787643322
406605987
55201144
528215004
461608414
123204721
179448505
59566107
959558371
264299455
449549730
922824797
108320526
466686896
811940865
666459395
98168843
45875328
844342337
684755609
741572589
990341622
956021014
160715005
532530129
896595628
290957683
277769586
137215221
328342428
45276451
777374883
734948415
100477595
305589894
196556835
76198656
337554739
108639282
35757034
601854194
558189012
811098171
710174721
24875915
475555382
229150462
123044758
373947051
73492806
660316707
115519646
916350768
468854068
276234652
301397243
217966042
419708675
579166829
207697603
748051103
624443280
985072486
482999524
577437215
143178726
532072699
653635872
480733465
640711981
541909246
82587666
198901000
205523763
792762387
76293255
681079145
21912855
51854353
55026202
947921995
712171060
23062189
864272769
33541474
299296841
18186358
104023856
719005516
597353187
311721459
319572965
221796473
296793952
802572489
799233689
439972678
187161534
305385907
920706144
827873515
847295153
855810150
26774521
52818922
501088883
103067776
733898067
375518078
7438469
641440610
323440080
719609530
664502799
40229195
605667344
963799640
58415554
709691201
535321502
655768741
21412666
854894467
730081555
170722958
509983302
381831590
610695637
697144836
687217497
383918127
377534697
534512656
92244623
256825559
439847918
593333506
212409675
26262331
968851584
219848145
667702941
144808010
939457675
332205746
185037206
397641365
148521732
95969100
107332572
536359574
751737841
128745239
243770387
334335742
151984537
753753689
716167332
762680174
303414871
403384835
999114641
680949569
790413831
91359270
937775128
230261755
684692776
2701149
256524087
506060707
222549294
924227028
650868717
14523315
108949121
835905923
412164681
109987193
931875023
519497253
646346768
536129211
500758832
890117155
870464953
652743370
496387191
439148632
267939890
799802062
842533467
119570878
333267977
485463645
210930148
123559451
715725400
748139265
126260601
824765827
254199978
348809895
601509202
905068695
363333211
710458323
593490965
775497892
820445516
377882334
147511491
319308630
766527885
500786664
209425792
489509185
6046380
705812983
928657817
273986270
358131391
623707630
393557148
543915709
109171281
457003637
667475160
677413022
205142908
646252101
502178855
311859226
995061997
103688063
69444267
210911554
666662726
662935232
838925786
339624589
893333907
986437277
658933219
659861798
339740287
720875351
1887329
345786667
279204680
930545146
619772938
637336072
554252783
865846426
33768127
515940404
322850069
701243287
193353432
380509317
200011735
548048628
692368543
47590078
504253031
761812811
258501632
23432104
277264389
97427424
363056693
170598302
936381041
874506252
682976441
128637675
595381610
684863770
474424342
874586290
615408923
94197286
364438708
22178052
812560053
398206835
538118456
135410128
951966463
583988229
368435786
151978204
132036863
60804335
199568282
636289894
822617146
310586254
659721998
99881542
260530018
875295031
122996184
49427405
749801290
805972625
178065080
197699246
343352742
652489423
924801876
958761665
599203049
141756931
833456057
411763108
539963766
224090859
399689577
344446575
808079088
768125363
496424779
940115951
681446038
548509401
428922192
356579531
859095655
941160530
308977413
119625679
816455568
431973597
169053085
418773204
90462569
347118165
468988790
433815311
999607588
393790672
245093322
451326984
535547603
78549385
863090092
928027710
155156584
115296015
272474291
963235673
735937718
621415411
755867970
417383763
169924818
37306508
773963294
29020480
978467039
82940713
1162499
647438953
367430650
22731924
66212163
310409559
369850090
387717293
744224870
221974024
781507965
841834532
673301008
169571915
772900257
388907447
97599631
928056842
356719802
222590262
891292521
92657527
844005673
499676837
362557630
866446832
536983346
136520930
747983652
515450391
71977983
749146151
15405690
291924973
771878076
81617853
602334533
994244506
321851486
199075749
68734876
103359457
40910288
742035885
125447712
666326885
983459672
75563683
594383733
340179480
150670286
338192600
285353347
994675959
837869438
647910977
713639137
227369130
636948247
461622795
742819521
561442570
63285293
758225211
853367544
687679709
692359404
308218423
681924221
14210896
359810512
750659097
970086687
253237140
345211328
948050740
919564026
181187346
23614429
366464105
521366827
26801055
704656706
806720174
21477021
395042490
307147498
587632498
622411620
944095745
49255300
217747487
505538322
965056927
828489038
211422212
652736642
373364788
372156975
187177209
240092024
731967487
790352646
62695057
985204628
135563981
10745803
904768660
169267667
886876567
123749111
690634494
913677622
828405817
349871015
787670983
75964653
657018513
375303488
550892613
453630604
277075128
768640100
959168926
94648401
449645484
23107484
747385043
823010272
395264459
787078592
63102302
127231953
577431244
125797360
964952921
565511565
136543163
722237927
734779233
875936070
845987038
277930073
789613699
526909202
480317428
429801028
602873855
137335947
805104516
6282815
443482892
934695984
774922915
255168164
29344391
77084746
278275649
629245774
900095018
526056448
416324372
963197321
505804741
846271957
941511021
470757668
264299868
930570524
45511941
999079101
806506601
891498980
129525521
448636646
418408188
609842949
878437674
873798383
599695237
536058537
880081198
43178135
323270867
507520460
150862639
352615259
584605206
429138288
981861033
484700230
955194737
250701752
300413897
313515824
96973715
94441264
784273493
213789923
25011795
829785434
65385371
684034736
573800760
194910892
132671388
992208948
657270181
863625402
718523678
109481764
252200285
598604882
5176239
575471153
106125348
156038879
780602752
543246894
585177167
614980131
27947131
392888250
865681883
180877368
706404075
815171938
275318633
343193914
28961868
152846768
25495694
94347239
836881504
599296455
141774471
822069232
444021749
799044652
538210980
15061773
908526417
790411266
613666656
913702656
218398765
572308344
69741541
999001517
115555245
507435049
466497994
996018710
752839639
184696224
29412424
311760060
999868162
157247397
654953974
881346370
310094165
532966009
828209949
146975675
132262470
822500760
969044907
428800559
474061759
359772234
443862333
235104522
2699846
910045329
1323524
221098611
334870019
71065066
72616474
302941604
431016455
539114468
151476660
36372440
723810692
180889085
348132501
576195201
338136482
3086481
310057917
648230648
388568830
990784207
647722663
373347640
813284973
469283917
802148200
139863078
829056151
98526879
374967600
831755997
8572214
376291125
52854614
195958573
299872531
977987422
498900178
730888986
369618236
650376838
767261426
93428935
831265923
115393933
522140476
21918752
970996749
684714733
522665740
212081925
675498946
170388409
585429566
341300266
639672326
240094112
481163344
321244823
338620991
856130945
153000826
199709545
84938416
58371780
395668118
384810947
36359208
894568296
115699939
258493785
397461481
735477705
204439060
81243750
703387979
726579536
103162502
526901074
263810615
625828242
738982999
939309562
648732992
176928911
133126174
140921664
417023023
466805858
462166488
755644014
175453149
615167314
807869899
260391565
526055435
56054364
645202512
414930983
950622660
613418791
673424768
200600487
201412843
877863828
281844238
904800822
456959710
385006740
284218242
720770326
863351323
875717581
512596234
512084321
52646499
645722408
653005985
469669522
112528272
115172479
77829883
140497762
582856134
885699782
400889327
108911575
941754146
46091846
376358898
744893153
659510637
49783673
945493640
860923480
927647501
79854224
618240648
237123558
464860965
754975230
957893884
180728634
630692818
470490124
692812955
535855657
968728872
198335286
5525185
933773484
166024106
935871402
74271252
601396580
674087531
475160580
562824495
468358023
373768766
939183393
65767522
33279409
988967066
11261169
746719230
769130914
91115393
217476224
6254478
408492698
972451455
816664702
589221332
455660619
139671172
134550633
991516276
108400050
185402260
849557801
42173540
351426366
637945550
968961127
952822946
312033087
296638053
368163787
780391110
670406819
307347186
846158633
556202568
148830599
709936142
155438144
770477853
653567875
372914369
629248671
914576914
197882170
445913379
356314592
506059129
585584551
490865226
350091751
546500941
676267486
52165898
441190821
880210192
690111448
410151954
685549484
2144541
706790007
53713277
635051992
229713172
213576803
333726971
785915741
362407402
896179453
941353885
132885261
402263674
166784600
614650272
316840594
364666770
60563657
673155187
870725899
498664548
16536759
73333996
45165495
545320585
125499895
338872657
425530783
815611343
749024611
111080273
670272225
308330965
17309890
157840563
538044137
230886693
491567534
176476224
445810436
240263333
117830116
431212037
642527007
284614716
45862316
959367602
501797827
958942307
485039135
225040072
310123202
354092234
298374069
207805037
899412819
423873964
546677694
177459948
239485313
148218652
141056561
909757538
456549617
158366451
67598107
847110094
241769484
411681981
23586325
687579920
651945314
141416441
118791964
146988668
278547497
17170620
106356276
780345324
976112927
443911751
5385403
286236135
798003985
156275812
494041173
549933150
580149776
40718873
727393098
819635089
41453865
868449659
581908974
498003482
26816116
502023421
197629923
121101940
766221743
221216248
808681861
270683403
215149029
927473825
417672071
346212866
944644445
376544687
126558197
773273718
820456438
984459934
59509860
470976769
140735752
406067373
20909925
573401868
299302586
600819363
245553303
340756452
469269028
827462277
691276274
348601484
182002045
888906197
469703425
948223788
110122451
130901632
71423537
177787820
58375463
489095609
524000687
855536248
865640296
503075224
481326312
538613081
340051504
393352512
9589856
333303596
799419885
883016116
906705464
951238812
336351825
4775113
144511610
805620854
832237391
835787884
6738684
866755776
724694088
328958449
667495910
687332879
459860081
738919447
717637040
370751884
228015062
94154073
78804478
93655365
597229297
560130791
484784786
789797141
953483303
346890982
123100743
605419535
82423444
882322547
556658353
418775270
887097660
701169963
76912470
571851397
389474193
83651154
291123519
114168287
412609604
958619429
654017507
872469685
697538883
224170893
95737916
778070285
318324966
174542394
724241990
915554263
734673185
209026782
557867750
688156495
555917765
533484833
146092376
638341209
268323726
702750729
57116485
7937732
256437038
134028955
579789130
645911231
70196450
870912649
612595859
335322394
682048425
119129712
60308425
232103654
343300605
156046341
10173945
661625571
330588736
734415936
429696180
65261927
795959058
987563930
605934762
204393169
373565109
752027138
842734379
641888835
307294213
752367204
649826567
563731251
738912500
82132043
62158829
661625290
953044693
527271028
996947684
487609464
646400740
57256115
719713118
842217685
213302457
729887063
356359602
543891193
316819345
786055782
461669460
112778410
626136058
67604229
169687919
999701167
819631367
12422304
494106348
126925587
617305849
143932921
543173178
208734695
226064965
457848347
870359985
31626004
985119375
719824015
519235468
484036461
777080130
91464932
326254152
842898927
821351995
682613754
239306466
990687681
321185882
700975927
955982431
799838280
768580156
125670356
652055793
440727869
990608995
146162147
420169796
460431190
142611409
815859315
669165885
368676374
273707668
392042216
252818718
111343390
111866237
772054186
595379851
741462707
863519118
921634004
436877981
537387459
456764104
676184447
380591486
630466327
377160380
336573923
430304613
998256876
314760620
82360413
291501092
305369621
81038900
711670888
765800811
223650309
380046549
287483042
444843023
653754218
532041598
697661741
765097608
496424175
322232273
212993805
90403228
38267737
134627815
527281209
575655197
443908260
203465663
956246683
74374593
433142383
145336953
357195546
431399266
460097573
292072299
722900358
617983534
225627540
287087592
236300691
449277849
667134142
523783733
894120873
173404706
55825337
444298960
791018654
404765852
766531234
4012465
495169080
804798971
991156615
22450296
232970514
287581221
78432299
41733544
214472154
511574682
187070497
571667700
942973948
499684410
716256340
518390652
117667950
941883880
657994585
353968641
243678075
177645073
730268714
137798954
351049779
638610391
434614255
142068439
43376249
201145495
998597238
538545329
5944472
989753859
413511965
91431327
129851426
491944264
133164871
344323580
3518953
320235368
915991281
799009241
819919778
484763967
169916240
790104068
426647853
827910825
144072715
670325928
5555904
726857769
660641223
209122023
365468166
95255484
203706802
261360755
148917319
202304046
799906084
7378131
44574252
65934396
98809458
174425678
557878660
231974329
518749259
561397613
404726037
287256886
212923201
77162161
772020853
382839441
867266229
51185052
210750272
863855284
574027320
68822516
590713059
87184889
277944539
808697565
34956713
481651341
70058326
183874032
683955387
722480751
43768504
581045979
788415147
142577962
755471658
346293813
227068632
126737263
760207767
631794669
266510489
973130968
708956831
38531348
355970415
576223066
942232734
419237027
292594697
516260060
488059543
883307756
603444950
766004082
544521668
638401663
247655429
614579994
674792036
784127156
189577091
718560540
365173142
977992238
861138502
973161140
176802398
88207140
99898409
937010165
572518150
218925238
910141139
281474987
109972926
118627900
710214393
52205666
537864927
2809096
420982066
25924476
738633193
24427022
644444898
283154867
515345026
892100327
750251201
42653408
528743829
939828293
761213948
893916971
917820537
474868796
719594457
94622941
415592277
672009206
884149446
988110427
890934444
646806931
122101760
907376
765434831
832316153
53113042
155816104
835125250
326611449
34256920
426274789
203554811
678701818
709429656
718899837
423318491
312197203
761553245
952062321
252025502
375283539
698495638
22362386
850152336
270606442
969501661
265744619
942615648
853651114
106371392
833550099
352974391
228473152
686973815
118409229
60789311
592603198
126741673
748430901
919214647
13514934
174705696
122769464
692216752
736651692
694185642
968051584
48848902
308255233
772630251
153390744
683538773
323642235
175753130
533691115
594248677
145254798
651952074
536864332
851422252
758323466
222930777
56912989
986796618
909904592
27838558
47585935
355024136
154580232
648533177
274238789
168095166
823238873
249524594
712828258
412406912
943710236
680879848
461255814
251965475
306026445
614646558
935504248
629668681
642916029
321711709
223917364
640687167
973663783
613298036
344625765
584503595
836228813
401538754
571300219
598649752
429377313
471402495
953673888
583957545
119935678
80429024
604569051
795690891
329953618
317397315
60614149
126180200
850793504
521869963
378145675
156819955
989032862
166166270
786488636
631948897
340394319
862922341
125152410
166574449
476220383
469778175
751078044
164965543
871316929
174894610
616131635
300694248
646297105
422321869
737168133
618749123
502750893
341737190
266956360
685220851
511650846
327570510
811401051
362444356
701956813
42063073
371780651
690989681
208229343
10785634
175454924
548623662
873707975
300607334
715198111
202444704
770385509
318792502
367410247
494218785
493687112
983541882
794913033
139984223
258380098
384597513
611249686
761130991
726334703
730722386
298868189
90501895
58292902
110269246
452946251
612766056
152332319
824726903
156272083
213078002
835512537
331727008
761701665
561736858
484850682
329416122
764181562
107752538
648208624
131591816
601971323
141895742
967650038
249400702
134396305
78546482
633998215
598162331
839677474
212849265
181401064
138545669
303351160
92210306
101331255
756297412
704976362
106179915
433540661
861248446
319257917
121569544
45491800
80959588
683306402
530342482
262892051
300004310
638095020
763617015
284112466
240066349
758029098
104278851
489467052
744941743
182825333
123465273
195620421
22502813
188830878
377021485
13564822
492182039
469231791
967412412
100995797
174208160
73592333
534536458
35456612
392850250
508622342
80948412
326326179
44445090
463807234
441734570
344449400
101902261
205351591
628561867
194484950
963380689
732840718
683952002
560838779
915666051
659933616
756459200
790685205
848764494
133480691
656766367
193462879
602712482
624178785
294458676
629436982
550287458
828995134
517409934
943137709
190133822
450874686
121980234
234578912
914681921
563714804
579028313
16584188
621582735
207590186
63585478
437479771
940430904
747537481
998318550
708613301
259987443
754777756
499298512
961268277
740774787
8581226
154731163
196003615
632760011
449189839
825440598
35563816
130701320
342850538
978701525
320835142
793725225
953198099
555414055
560923492
369429249
134442374
430024020
991011984
194548900
493609498
428491761
987496144
93663325
279326657
696109451
353650768
34104419
47924310
167435392
627395546
56505536
322166555
823399162
541781887
623872734
648839766
577345703
754574054
844206644
408563574
927925537
490448215
361761679
335855938
51371713
731190928
322814652
481395733
574719259
517363552
975005232
3211026
357376042
68668563
135054024
53485499
274835672
21674783
953926143
442271064
649070330
10431685
616953959
472469498
404729913
240826699
973825604
982075616
847917094
818032254
390639197
775842637
160996816
604917216
111698581
212368529
188624491
287029573
546280603
763343750
804393125
373802181
619071116
14285513
294987084
754125140
67771012
569822756
775799924
874213496
864610160
424870260
737161521
481564125
749856098
141891440
574907165
723681708
123967063
422824265
394230308
367122600
51183248
555227124
972039816
15398169
620111994
13180653
302427742
166392603
776524403
959337207
540194784
395595526
973622720
835181868
2237012
893910072
257520971
778036936
768123574
122131137
55423542
357801442
456211603
805279640
499692882
31118774
381477694
476176285
306459379
775708003
695815225
210158967
183451473
520371388
225557136
803563467
533552041
380501218
822472410
310076451
339838431
215183540
558188317
165977497
50365415
560425329
59887575
160402726
338462272
680527490
135050203
393885814
38328938
443778146
51681801
390538160
327413260
433159495
866714446
633872639
61383844
415046017
844031606
244835318
935417405
922105082
900915125
468969453
302606306
723387542
631562244
494961077
938571082
189750567
660938574
841452837
750175896
720826150
854371903
941154508
253869986
989422107
187556669
292198924
285716599
239238470
682737084
613129860
672397965
401967876
99518845
733781810
817013894
943550452
978617128
604947645
718171880
732048599
73917104
20778193
307952487
557995688
368255610
99039916
747746255
29194191
940492753
350438498
602536681
647381003
144109352
856406667
489319456
331666021
1121937
775036055
570904491
683859021
388165921
243302463
938343238
487684767
977084273
607873478
283751565
808217747
212821129
1923451
392782692
139254574
875217978
700735180
697250262
95989935
799775096
297512864
125184126
592784195
500467702
727720807
240165204
644577054
436643820
729484660
976243076
437765757
357037062
547147573
121624784
745202983
642966376
912484362
85404096
472566995
520357846
221672001
133301088
585695316
76111793
526083781
724949890
951329771
226818967
274716498
47319712
26594069
424745702
25020178
471894604
925213404
605257325
712059809
569790465
41901151
294060815
398549887
479666908
651097877
945697460
453808033
248817207
441180183
218808741
186737643
913747178
739166588
408409645
47048273
177378250
484521438
573132054
902328140
288367555
652467361
29560984
188203608
531577770
454306687
213223786
3472380
232036437
818481112
568048529
801826902
712898603
862109345
52893135
45081858
365723568
998590596
498889891
467057115
292287125
717698632
653794759
206034309
309381566
62204410
105598922
486759816
546725848
678730976
241604302
835093403
183714683
123681627
23297017
715292453
577988314
89037144
718764834
810024751
760034596
139329709
464368000
472933205
1439060
517261135
518015063
219678969
368368077
869421294
686736084
660655202
439636273
193047189
719205852
749017839
255251599
824804774
88294002
654493787
356052097
182414644
342103537
539766780
306096271
217916894
255059240
884084585
306954038
826340414
546625683
66988640
965670123
863510023
392438186
819625524
233287504
762969589
39304499
601655582
632390890
578556923
114827130
72027169
771604113
834032982
673561348
879372052
511354103
614371690
533865846
867406200
796786335
875969383
407172986
102882612
93886283
514748566
839483538
253356662
341088986
238625567
172861642
159275456
102135596
417816168
978900980
335423100
180785764
870721819
789595022
665692994
301795088
904422153
590236503
73399207
590971481
116314197
805287600
102325590
730685888
191669792
822248130
527472229
67639181
81937463
482871181
14041804
596686029
322354725
119914806
937775016
560980292
145292789
97050478
515632228
563108957
928467798
851055329
743894721
799189623
493166697
262104061
100984717
250105196
852340564
26900265
841076678
968654762
684704205
795918608
699340656
876373997
470683085
79329231
796529518
552620548
562200412
663087662
149306583
737071478
783002469
939597939
150568116
928295258
889164757
666200345
343920561
817632561
369772020
87815289
469338530
862938717
202435690
422839588
113043920
54776261
302256193
806636938
23431029
986960398
455071892
575288025
715850741
925754977
507133596
512380265
478375531
69334014
27984273
480198455
658921832
810986742
419796400
809489949
591798346
161477504
475690300
935718908
979110065
845462320
876050537
300964942
560917383
78486233
576320870
673961303
985778828
878577063
333114587
861726197
718053807
788186480
289530568
286420894
713941463
796664164
798801159
44833341
718514519
826785432
525031796
377436357
490288521
797344536
39442652
934603207
958822040
515132952
722838461
790448452
213111618
451405344
91413400
774029002
382407918
520250610
300506651
368186752
251344019
633621239
82429296
969397826
274324065
371959864
108335066
988265528
168624035
907136225
885615209
887138554
586438003
263163351
117091257
929242864
60507894
156533910
863846078
19329940
524183202
439200885
662294732
737294821
890606230
606224472
363840169
273014154
126475088
516863160
493717246
377819107
3000745
576146542
199733279
277324810
948106407
308068345
118106685
116730448
67720916
3721900
856385342
506675260
266885252
825992939
435918130
179909486
982526849
152280554
51755766
359226398
591481440
714050499
96521225
334604016
320274977
312877734
607618170
299266406
829740894
101335422
677085513
832741640
529998305
729335133
110066456
478104718
37403484
80689481
447351506
957640735
84411382
156253194
464316001
203812974
982246133
752750471
383722460
817289329
905031026
435478226
29032073
349028812
149528731
125553298
683632828
322320049
290947372
143767344
621586455
973204606
97619106
151188314
658462592
627617411
880523447
621045389
958238469
770443272
701734870
258106321
728084013
786146252
414359515
44916360
989959226
249121995
797666831
226198032
918927664
555214203
661676259
947959737
756759355
811204990
926029375
292908529
133525045
69493093
436675873
607627840
42697705
386811320
758816155
701160298
14428737
639339608
174722033
825183547
262299226
876456903
83289874
990383239
515119502
350165730
887815939
357595074
599287725
537999117
583793107
370731735
93213326
245469372
318691478
702489022
909190702
97237199
995397551
895232088
166730292
284589771
502859934
209427997
671401091
114192435
763104635
538346168
753532044
937826668
363529721
15831276
814283578
299335936
858730856
181919426
649501666
599063141
539514500
101305737
137062264
123307613
472037472
82791931
221293325
790728950
785280953
130484034
887966149
633194850
25716128
54696447
917784621
381092402
116640784
589185718
495284838
879745420
127531893
101333228
670088434
343577954
969680838
336888358
642913890
680928040
518807784
144931902
279991188
58322291
246237639
269569792
34146244
718275111
352361723
255439570
361520407
990159016
385923604
102002902
623353873
264156072
9215689
393654840
497764814
125856474
982840559
993049652
858118234
962888792
946899220
528206674
158983092
916580065
865095033
654413323
450024451
236419163
799345225
730015639
294741454
45582871
999585432
328887699
763857982
204463501
584327269
125378396
47138864
822767213
79897638
670492737
86923291
89113328
64147583
437204445
214969802
899504482
282770444
73088042
714909620
229669670
453811056
726409053
998766075
171422435
380822382
448790533
407841599
32683953
31322518
555099393
78266824
883424290
883987092
694641147
87887798
320830707
672535883
135026662
143597926
752433521
658035739
83037557
841546849
574699662
372758343
56516657
326720491
655528787
982121033
894146451
885198457
288448436
620555510
736480879
312387211
853894232
37787758
720228810
886578186
69110276
127844550
964845010
952534567
11831648
512002503
892938705
185178696
184538392
880481707
181292962
936971914
391033792
116846860
631035109
818249794
489605203
540068107
144970291
145133996
374705486
891633083
882848793
663153922
364704939
471846018
975541134
218599178
509633776
548286290
105177370
578744053
676130840
922538720
383794966
540478829
287057570
129250017
578173865
471595962
862248064
759466827
261084222
105798202
728830027
892119332
924047996
70951576
284703785
921534628
68601912
659409271
813167717
951450706
175079540
30389002
275813070
3137020
248988180
785446847
551423310
206681890
216707246
80070497
981736951
600502212
473065666
268794527
582268569
51239537
592906829
444516639
663222704
853991052
550314841
392052738
598626730
326879183
463004314
883330515
248413817
531606227
395256132
914097874
335573279
570335672
944486877
611386349
573472692
45991403
249349542
124896009
252673294
466056788
57482846
86926591
66559006
530548512
355721118
501343915
434304389
948627947
945860554
97527099
655135345
348691741
342096177
106278421
675570925
805100492
842125276
776501082
189223065
237381415
690598963
377312684
807717087
487602186
988699033
233706126
533593589
90564922
211118475
786266883
556621710
268601321
873193474
475697057
651666173
81430938
977040972
85970568
882575226
775417873
36014007
390226917
124109620
378110185
496505339
652196885
35727023
191146961
281214314
224950088
428528376
971813277
602262772
88761810
311931809
443478151
322467936
845525398
534043073
533586411
484308628
90664790
654704072
210018448
418878187
306370251
291449387
395919165
244857159
26540959
23853384
280871166
416767876
479345
658981351
913273215
652676230
694708374
104420183
933890544
919658462
385464899
758220167
374437580
326743049
70151982
670432072
649210985
768193721
56991491
35313742
252502355
172621
690017814
462520803
419050808
848904405
606486530
814969974
93761570
633027489
838823358
374632737
49795372
839302703
33614094
815584927
344495280
580838809
772521450
130902170
353013617
10502696
741638678
727451198
337245745
664307000
250399616
986456731
432500727
307391107
874286813
537519422
307563729
416820974
40232
726614537
265725385
459043102
394100857
212003296
92070598
85440562
586636033
141865970
924743265
472766467
809967237
121754891
53605282
582488694
105173402
259135240
592991390
846812080
986586438
930237135
511119086
89502400
769210212
796136154
396893507
496013372
333655582
704457236
912834346
186212154
431071780
31076077
645255257
825172637
243079373
589842195
910613199
829715406
584224505
687872811
154998220
394191748
662144042
61119842
829196782
767317444
320255082
274704518
614129530
159357866
57458000
977764957
248860266
826668212
773901117
645753774
175197930
960073039
202727356
88032282
146285200
633799136
119108360
644056797
311488120
362187733
86415338
74617665
44419486
670639843
615006816
51934046
64831597
277150865
113053888
746544720
44468315
285825311
21249244
511114186
445183177
78707244
341395489
546559784
757891797
115296612
44829904
933089727
927885991
247557260
21122016
926687531
881356397
992746710
423260674
45360863
207450789
509676012
119978528
251870275
180315861
587501685
303804321
97663799
864652550
269374550
844208519
761637205
555199861
717974103
125267737
383044
796681348
466663226
399459168
407089491
434476178
444289072
340179224
214878516
691846333
213817580
141566053
425719076
59080636
564826728
471079939
266531426
74502746
443574807
518401701
107334948
31076498
674722363
57515087
748245388
944096913
901723606
362398940
499296780
472214055
340183017
352196164
121411749
806846244
751655333
528501240
93838768
48460751
868680465
308717284
740307084
935014385
302799678
166026166
994095022
867626406
489622445
260626454
794645492
933197253
631544495
754496780
816790091
306266864
812011867
417551826
102880123
566251819
632467106
602176903
38465881
972650123
806889408
159877630
632012713
411061087
688378871
725851482
459521838
409575682
887085106
199828929
197106413
189884790
218371435
191201441
910027536
707993881
304344235
557189375
493707480
935888731
311686161
163013917
94671941
123698035
580565743
197552065
542466194
65549195
799728968
580932075
38199325
459134722
593326046
670212038
870195809
134221263
248579866
329717654
543796945
135664979
382062923
740903358
178066109
600434358
784621140
88093652
308428245
88965381
497799367
802135725
24854118
809485528
965149643
119526060
785699903
398231732
169594465
180682444
463780928
969323433
761614519
354496593
280974502
207456911
24708637
151170317
341678174
125804844
333404311
885475119
113986163
715467234
478894824
144568612
315901599
116032310
85178604
476846184
204997691
582977971
131498256
82368150
244979846
96647905
54410550
30679755
347395977
224005015
63878539
663693245
45844794
825493059
18189844
326819296
32949976
895414816
330505954
227144491
21219666
663910265
112619616
987722163
379377506
444030780
132290781
547795445
560063090
217469386
24641635
617577122
800447357
156139891
699945272
45427209
105304136
606872162
928623299
305216454
830877177
992501838
968909699
729238311
670511243
987099544
56057614
555977560
735030706
239079908
783122051
608766712
902990173
748258007
596488881
134884025
44805134
581296002
682679470
457384564
798765388
707321106
74961692
451729092
715977337
627423304
349672641
821281474
234295472
130812286
126497934
917688989
975830465
947923973
646927307
498858054
787539863
555501261
54835620
522570575
794581169
690474011
131337293
550087688
291248365
580342514
684971714
188569839
14154863
367651190
645954403
812920251
927488636
720916096
117165689
643465980
200855746
319354671
317263800
435151219
450166957
296278074
205356554
278513768
96718393
852283861
777371823
884258257
260301468
684723783
259345178
907398977
227714141
243198812
457486672
518962506
823541326
142458392
707532345
837696189
362625922
206003094
503132787
142630905
926919190
472814816
786096885
127774943
792169487
955877025
415442502
94852791
104671445
620799056
373366559
201389838
325599264
150738388
85648101
438417072
835462172
344993280
345816056
63176319
588192092
655819068
434655165
264249764
650793800
994703850
954462294
13419728
200706950
310111427
8566973
980142481
782926243
794663858
960433764
575095737
603057229
228392612
669948528
707728674
849191668
43315093
909118513
27307278
46569822
994766614
465724351
734548334
192276240
664056747
650240993
632984672
319875821
84896164
897234437
970669621
932116354
704213077
836605689
132823310
14324510
845172663
965482131
797250753
492352867
925915901
224862836
95410103
6824859
747327704
655655117
856016528
643159138
564773636
735840146
689728960
412056597
54080843
276793640
456849177
718137590
927034633
89833856
38013417
864447137
839584633
861199378
796563497
543797716
550321414
781903147
410638566
248010423
599901625
60405665
592879630
378333872
285268502
540806073
385158732
32596212
196461197
93691606
528271690
613751173
829531752
70516996
25807776
883612596
347310636
335173294
601750192
274345275
425007150
492279950
138792418
117108129
205995674
787872255
660905845
608833428
422291749
71544417
856843851
22193380
131950082
302239828
253043592
269734924
843045901
638202324
154847477
39507104
731893930
683119167
505774618
561425689
753636164
384098734
297554631
100946806
719272028
899304823
227808422
144279184
244101119
219117180
113903653
302613134
859505776
774809498
911446562
134313871
698870255
620806760
9023591
683336678
923046588
262067183
805587942
766092495
900269508
960435419
658115940
632163444
496070933
16406904
46105479
102223443
400505638
343660110
55686589
119777673
95481280
136011351
116573197
192098739
355128532
230476851
494711873
67150654
857802689
406158442
201464525
409189291
26965208
210488116
92525975
802528136
472555299
750630257
421136977
372824813
563582023
79252923
857504598
59652962
95659827
903610077
14392745
348681806
99786534
70079334
468459479
47784154
58607026
437549016
239882893
413735558
668025867
734594767
480886212
378344903
140753215
682350737
787534194
20234763
892838853
732576509
675279239
217910498
483206772
96416222
590735312
46788801
28185486
300756256
958958097
976361647
56882679
825867182
325043459
156669213
748462857
646019278
204453367
807069883
83568301
444336261
73321787
604110508
31447374
554207999
982455411
24716929
89075082
769989611
44951692
834430275
355082466
572747271
52340779
838289239
669163493
495592431
737594380
549865319
796348687
549068824
526226973
853231367
227452352
703786772
9900586
975915209
349806057
66870294
782985098
285890698
363722895
856306885
890001206
395170269
263031230
872456624
419887198
204622652
494962581
317355230
39052933
850045048
890102501
91393713
540850633
411782340
439502484
130961359
961647660
235851178
532546523
340390979
89082551
759998876
44177757
951499471
735914091
246500154
870886105
371415536
532390852
234609006
80238767
422392065
629779275
195786338
147365035
49666479
400408990
494843956
219538049
439461924
197405350
109640556
383371977
738255983
521422897
822874461
721733683
335586903
911241979
254280212
675977882
852840870
14279094
720155639
656856688
602709526
966655794
527742799
826641402
351562992
614868146
906880169
773955057
97163767
102666513
773836432
146830247
355591844
268680395
218884636
795053768
466085745
